148 0.00038464937093449014
524 0.0005478361397135077
459 0.00038427336455481507
282 0.00038464937093449014
232 0.00038427336455481507
382 0.0007113989148722007
133 0.001207722063373335
808 0.00038464937093449014
96 0.00038464937093449014
260 0.00038464937093449014
108 0.00038427336455481507
479 0.00038427336455481507
774 0.00038427336455481507
47 0.00046605475213415865
512 0.00038427336455481507
633 0.00038427336455481507
460 0.00038427336455481507
855 0.00038427336455481507
711 0.000711398914872208
6 0.00038427336455481507
3 0.0010266301780494074
5 0.00038464937093449014
276 0.00038427336455481507
641 0.00038427336455481507
63 0.0016299797726061296
291 0.004428358304090787
255 0.0022625591489184855
457 0.006693576633883852
499 0.003507889550590103
33 0.00038427336455481507
102 0.00038464937093449014
662 0.00038427336455481507
62 0.002459538940361621
794 0.00038427336455481507
462 0.00038464937093449014
826 0.0024220130542869627
379 0.00038464937093449014
807 0.00038427336455481507
236 0.002914135235503097
824 0.00038464937093449014
575 0.00038427336455481507
624 0.00038464937093449014
23 0.00038427336455481507
339 0.00038464937093449014
66 0.00038464937093449014
478 0.00038464937093449014
595 0.00038464937093449014
587 0.00038427336455481507
205 0.00038427336455481507
281 0.0007829592286626809
218 0.00038427336455481507
225 0.00038427336455481507
101 0.00038427336455481507
482 0.00038427336455481507
628 0.0006705456852612577
491 0.0007113989148722006
134 0.00038427336455481507
125 0.00038427336455481507
42 0.00038464937093449014
818 0.007175091126019503
162 0.0009029916806825904
817 0.00038427336455481507
70 0.0007120953845776297
355 0.00038427336455481507
561 0.0007120953845776232
356 0.00038427336455481507
93 0.00038427336455481507
59 0.0007120953845776226
787 0.00038464937093449014
361 0.011682414822967061
472 0.002044944308650936
200 0.00038464937093449014
180 0.0006262031021491195
446 0.0005483723777560549
298 0.00038464937093449014
732 0.00038464937093449014
405 0.00038427336455481507
438 0.00038464937093449014
536 0.00038427336455481507
764 0.00038464937093449014
667 0.00038427336455481507
177 0.00038464937093449014
359 0.0008004826778858281
728 0.00038464937093449014
109 0.00038427336455481507
122 0.00038427336455481507
145 0.0008664514770380315
104 0.001126846149363472
777 0.0013306008494015419
654 0.0005483723777560591
563 0.004459887631474966
173 0.00038427336455481507
761 0.00038464937093449014
564 0.00038427336455481507
366 0.00038427336455481507
507 0.0029480828670485457
92 0.00038427336455481507
609 0.00038464937093449014
309 0.010033982330358031
683 0.0005478361397135066
24 0.00038427336455481507
560 0.00038464937093449014
319 0.0004496984746182921
596 0.0004660547521341581
280 0.0004799949068041431
520 0.00038427336455481507
404 0.00038427336455481507
242 0.00038464937093449014
222 0.00038427336455481507
469 0.00038464937093449014
614 0.00038464937093449014
810 0.00038427336455481507
773 0.0007113989148722073
151 0.0006771796848470589
406 0.006207720658296594
142 0.004918774748438566
689 0.0006654266338393976
311 0.0010143632367307421
440 0.0005483723777560567
32 0.003620642906772124
279 0.00038464937093449014
204 0.00038464937093449014
448 0.00038427336455481507
237 0.0018965394575766964
635 0.00043100558602872683
819 0.00038464937093449014
779 0.00038427336455481507
718 0.00038464937093449014
869 0.00038427336455481507
488 0.00038427336455481507
511 0.00038464937093449014
515 0.00038464937093449014
541 0.00038427336455481507
314 0.0016102932341829517
547 0.0005483723777560565
132 0.00038427336455481507
640 0.0007568154290374738
252 0.0007113989148722032
285 0.00038427336455481507
603 0.0005478361397135105
443 0.0007113989148722055
233 0.00038464937093449014
161 0.00038427336455481507
763 0.00148574475320686
392 0.00043100558602872683
793 0.00038464937093449014
270 0.00038427336455481507
99 0.0006581746410338562
700 0.00038427336455481507
500 0.00038427336455481507
268 0.00038427336455481507
164 0.0014666111417728314
661 0.0021008395757593132
529 0.00038464937093449014
827 0.0004933152146606071
758 0.00038427336455481507
841 0.00038427336455481507
530 0.00038427336455481507
577 0.00038427336455481507
729 0.00038427336455481507
416 0.00038427336455481507
744 0.00038427336455481507
569 0.00038464937093449014
409 0.00038427336455481507
116 0.00046248009532754954
590 0.00038427336455481507
111 0.00038464937093449014
821 0.00038464937093449014
228 0.005476022253287256
523 0.0004882689526026376
714 0.00038427336455481507
83 0.00038427336455481507
15 0.00038427336455481507
106 0.00038427336455481507
483 0.00038427336455481507
447 0.00038427336455481507
697 0.0004937980421488655
466 0.0009767820392596166
234 0.00038427336455481507
135 0.00038464937093449014
91 0.0007113989148722073
631 0.00038427336455481507
377 0.0010571131000259167
532 0.00038427336455481507
67 0.00038464937093449014
671 0.00038427336455481507
792 0.00038464937093449014
768 0.00038464937093449014
602 0.0005483723777560547
724 0.00038464937093449014
185 0.0012625434548073347
669 0.00038427336455481507
18 0.00038427336455481507
421 0.0007833946732343405
158 0.00038464937093449014
809 0.00038464937093449014
788 0.00038464937093449014
780 0.00038427336455481507
831 0.00038427336455481507
739 0.004459887631474966
630 0.00038427336455481507
709 0.008675197817525288
781 0.0014434673743926347
310 0.00038464937093449014
574 0.00038427336455481507
412 0.00038464937093449014
487 0.00038427336455481507
250 0.0032290042226688917
172 0.00038427336455481507
159 0.00038464937093449014
623 0.015911503785855336
49 0.00038427336455481507
834 0.00038427336455481507
121 0.0031313126028641594
315 0.00038427336455481507
703 0.0004310055860287272
176 0.00038427336455481507
474 0.00038427336455481507
154 0.00043100558602872727
649 0.002044944308650936
684 0.00038464937093449014
504 0.0012392224652979145
284 0.00038427336455481507
648 0.004199269830011142
840 0.00038464937093449014
496 0.003925327876525124
220 0.00038464937093449014
347 0.0012098435557831941
240 0.00038464937093449014
244 0.00038427336455481507
160 0.00038427336455481507
425 0.0012758177410867916
746 0.00038427336455481507
789 0.00038427336455481507
27 0.00038427336455481507
613 0.00038464937093449014
264 0.00038464937093449014
722 0.00038464937093449014
516 0.0005483723777560588
107 0.0005478361397135077
480 0.00038464937093449014
179 0.00038427336455481507
190 0.00038464937093449014
243 0.00038427336455481507
381 0.00038427336455481507
65 0.001126846149363462
856 0.006237015392311117
275 0.00038464937093449014
9 0.00038464937093449014
725 0.0007690353213566914
195 0.00038427336455481507
545 0.004129132240479222
299 0.00038464937093449014
803 0.00038464937093449014
193 0.00038427336455481507
312 0.00038427336455481507
805 0.00038427336455481507
396 0.00038464937093449014
769 0.0009673196980378705
186 0.00038427336455481507
571 0.000711398914872207
313 0.0011617147057259608
510 0.00038427336455481507
50 0.00038464937093449014
238 0.00038427336455481507
174 0.0010831363727384466
71 0.00038464937093449014
249 0.00038427336455481507
837 0.00607979825278624
304 0.00146938428562819
519 0.0007546767923835723
410 0.0006705456852612564
713 0.00038464937093449014
272 0.00038464937093449014
682 0.00038427336455481507
568 0.00038427336455481507
860 0.009664561178657835
201 0.009647516741898947
493 0.00038464937093449014
97 0.002790706537892137
300 0.00038464937093449014
168 0.00038464937093449014
652 0.0007113989148722077
36 0.0023140377850754865
688 0.00038427336455481507
136 0.00038427336455481507
782 0.00038427336455481507
503 0.0006816037999218059
374 0.001348253583141559
612 0.00038427336455481507
105 0.0013105283208212752
294 0.00038464937093449014
375 0.0005478361397135063
124 0.0020029067658129717
468 0.00038427336455481507
665 0.00038427336455481507
685 0.00046651087434527
783 0.00038427336455481507
555 0.0012987642931187554
581 0.00038427336455481507
742 0.006237015392311117
210 0.00038427336455481507
395 0.00038464937093449014
368 0.00038427336455481507
851 0.0008733929185946583
41 0.00038464937093449014
431 0.005212932882628555
140 0.00038464937093449014
721 0.00038464937093449014
835 0.00038464937093449014
246 0.00038464937093449014
216 0.0008788804885619421
391 0.00038427336455481507
21 0.0005131230611689439
422 0.00038427336455481507
114 0.0019252694804961655
790 0.00038427336455481507
126 0.0005613595064168561
757 0.0020021269103387813
450 0.00038427336455481507
386 0.011658705445903911
265 0.0022785678492679706
828 0.00038464937093449014
341 0.00038464937093449014
53 0.00038464937093449014
747 0.0010790621863342783
494 0.00038464937093449014
786 0.00038464937093449014
615 0.00038464937093449014
666 0.00038464937093449014
378 0.0004937980421488644
533 0.0005483723777560556
576 0.0008516337172928672
336 0.00038464937093449014
750 0.0006408724279148712
527 0.00038464937093449014
867 0.00038464937093449014
663 0.00038427336455481507
209 0.005113389615125078
559 0.0007120953845776301
118 0.0016950506901997787
295 0.00038464937093449014
77 0.00038464937093449014
485 0.0005478361397135066
181 0.00038464937093449014
72 0.00038464937093449014
865 0.0005478361397135106
736 0.00038427336455481507
437 0.00038427336455481507
414 0.00038464937093449014
34 0.00038464937093449014
256 0.00038427336455481507
552 0.000793956887988411
627 0.00038427336455481507
632 0.00038427336455481507
579 0.00038427336455481507
283 0.00038464937093449014
328 0.003286358488445954
679 0.00038464937093449014
55 0.00046248009532754954
489 0.00038427336455481507
785 0.004186953108081573
755 0.00038427336455481507
749 0.001523198581351989
402 0.0008749616900308958
621 0.00038464937093449014
335 0.00038464937093449014
144 0.00038427336455481507
191 0.00038464937093449014
681 0.000921428872264183
857 0.0050813295146697
12 0.00038427336455481507
139 0.0007120953845776296
120 0.00038427336455481507
868 0.00038464937093449014
248 0.0015003271690212623
456 0.00038427336455481507
367 0.0004933152146606102
723 0.00038427336455481507
223 0.00038464937093449014
258 0.00038464937093449014
48 0.00038427336455481507
813 0.0004660547521341614
346 0.00038427336455481507
548 0.00038427336455481507
427 0.00038427336455481507
64 0.0026815025926762042
765 0.00038427336455481507
354 0.00038427336455481507
94 0.00038427336455481507
797 0.00038464937093449014
245 0.00038464937093449014
45 0.00038427336455481507
702 0.00038427336455481507
616 0.00038427336455481507
198 0.00038464937093449014
508 0.00038427336455481507
43 0.00038427336455481507
350 0.00038464937093449014
28 0.00038427336455481507
267 0.00038464937093449014
331 0.00038427336455481507
26 0.00038464937093449014
187 0.00038464937093449014
82 0.0030365547517680874
502 0.00038427336455481507
801 0.00038464937093449014
762 0.0013924995837671838
388 0.00038427336455481507
776 0.00038427336455481507
608 0.0009902020082718833
418 0.0007120953845776268
759 0.00038464937093449014
287 0.00038427336455481507
128 0.00038427336455481507
157 0.00038464937093449014
651 0.00038427336455481507
398 0.0005248065605300323
584 0.0007120953845776243
263 0.00038464937093449014
369 0.00038464937093449014
715 0.0039194797431281
526 0.00038427336455481507
539 0.00038464937093449014
301 0.00038427336455481507
100 0.00038427336455481507
306 0.00038427336455481507
461 0.00038427336455481507
39 0.00038464937093449014
150 0.00038427336455481507
656 0.00038427336455481507
451 0.00038464937093449014
214 0.00038464937093449014
733 0.00038427336455481507
89 0.00038464937093449014
849 0.00038464937093449014
112 0.00038427336455481507
337 0.0006879107104712967
586 0.00038464937093449014
458 0.00038427336455481507
20 0.00038427336455481507
535 0.00038427336455481507
558 0.00038427336455481507
677 0.00038464937093449014
217 0.00038427336455481507
69 0.00038427336455481507
657 0.00038427336455481507
726 0.0004501385736631165
578 0.002459538940361552
345 0.00038427336455481507
465 0.00038464937093449014
606 0.00038427336455481507
408 0.0005862495791271702
178 0.001153162930912797
357 0.000595150379705078
169 0.00038427336455481507
342 0.00038464937093449014
372 0.00038464937093449014
197 0.008459512922236765
46 0.00038427336455481507
271 0.0005483723777560591
88 0.00038464937093449014
373 0.00038464937093449014
734 0.00038427336455481507
751 0.00038427336455481507
775 0.00038427336455481507
419 0.00038464937093449014
184 0.00038464937093449014
221 0.00038464937093449014
445 0.00038427336455481507
839 0.0004496984746182921
115 0.00038427336455481507
147 0.004325202276245771
829 0.00038427336455481507
349 0.00038427336455481507
673 0.00038427336455481507
830 0.00038427336455481507
399 0.0007113989148722026
719 0.0024524258499478853
846 0.00038427336455481507
546 0.00038427336455481507
463 0.0045555218619286785
740 0.0004937980421488653
203 0.0007841634886014287
397 0.00038427336455481507
417 0.00038464937093449014
680 0.0008516337172928688
167 0.00038464937093449014
710 0.00038427336455481507
490 0.00038427336455481507
847 0.007197656527390842
862 0.0006568779898193057
433 0.004594986214609929
811 0.00038427336455481507
832 0.00038427336455481507
771 0.002459538940361595
61 0.002459538940361595
650 0.0004937980421488679
10 0.00038427336455481507
752 0.00038427336455481507
330 0.002916987970296803
704 0.00038427336455481507
645 0.00038427336455481507
35 0.00038427336455481507
13 0.00038464937093449014
610 0.00038427336455481507
639 0.00038427336455481507
22 0.00038427336455481507
333 0.00038427336455481507
730 0.0008212440557919963
506 0.0006705456852612573
636 0.00038427336455481507
589 0.00038427336455481507
802 0.0007891534310417365
81 0.00038427336455481507
646 0.008225425045598377
423 0.00038427336455481507
288 0.00038427336455481507
119 0.00038427336455481507
816 0.0011690557129453711
360 0.0008516337172928686
87 0.00038464937093449014
618 0.0007113989148722075
756 0.00038427336455481507
327 0.00038427336455481507
861 0.00038464937093449014
597 0.0004937980421488645
352 0.00038464937093449014
473 0.0014371982173421625
556 0.0013103106643028554
8 0.002573005900886968
475 0.00038427336455481507
436 0.00038427336455481507
353 0.0063199897361290325
705 0.00038464937093449014
573 0.00038464937093449014
85 0.009354295896093084
84 0.00038464937093449014
619 0.00038427336455481507
79 0.00038427336455481507
37 0.00038427336455481507
486 0.00038427336455481507
591 0.00038427336455481507
798 0.00038427336455481507
393 0.00038464937093449014
38 0.00038427336455481507
278 0.00038427336455481507
605 0.00038427336455481507
720 0.00038427336455481507
428 0.00038427336455481507
812 0.00038427336455481507
528 0.00038427336455481507
484 0.00038427336455481507
302 0.00038464937093449014
582 0.00038464937093449014
213 0.00038427336455481507
567 0.00038427336455481507
850 0.00038427336455481507
686 0.00038427336455481507
329 0.0006711793478750555
7 0.00038464937093449014
348 0.0051740960336070715
208 0.00038427336455481507
694 0.0007165456508637436
211 0.00038464937093449014
492 0.00038427336455481507
370 0.00038464937093449014
870 0.0036436842336767116
19 0.00038464937093449014
156 0.00038464937093449014
254 0.00038427336455481507
452 0.00038464937093449014
363 0.00038464937093449014
0 0.0057291555083955085
653 0.0011804378897652221
664 0.00038464937093449014
380 0.00038427336455481507
731 0.00038427336455481507
562 0.0007120953845776293
674 0.00038427336455481507
95 0.00038427336455481507
470 0.001473363390149125
340 0.00038427336455481507
60 0.00038464937093449014
235 0.00038427336455481507
583 0.000551754938244552
659 0.00038427336455481507
866 0.00038464937093449014
199 0.00038464937093449014
364 0.00038427336455481507
525 0.00038427336455481507
770 0.00038427336455481507
75 0.00038427336455481507
550 0.00038427336455481507
501 0.00038464937093449014
593 0.0007120953845776224
784 0.00038427336455481507
274 0.0006581746410338562
531 0.00038464937093449014
642 0.00038427336455481507
73 0.0007120953845776259
557 0.00038427336455481507
538 0.00038427336455481507
554 0.0009631231425419154
146 0.00038464937093449014
670 0.00038464937093449014
660 0.00038427336455481507
580 0.00038427336455481507
815 0.00038427336455481507
449 0.000493315214660607
297 0.002140955405957299
833 0.00038464937093449014
14 0.00038464937093449014
175 0.00038427336455481507
760 0.00038427336455481507
634 0.00038427336455481507
206 0.00038427336455481507
534 0.00038427336455481507
600 0.00038427336455481507
594 0.00038464937093449014
778 0.00038427336455481507
643 0.00038427336455481507
51 0.00038464937093449014
407 0.0014318628838805127
207 0.008417177654402076
453 0.00038427336455481507
795 0.0024350844847736007
123 0.00038427336455481507
57 0.0013422294772054406
843 0.0004933152146606102
103 0.000384273364554815
622 0.000384273364554815
799 0.0013115980700157657
1 0.000384273364554815
477 0.000384273364554815
52 0.0010084288977286087
171 0.00038464937093449014
521 0.00038464937093449014
800 0.0006031905255253684
131 0.000384273364554815
170 0.000384273364554815
644 0.00038464937093449014
638 0.000384273364554815
518 0.002756297680403769
540 0.00038464937093449014
385 0.000384273364554815
344 0.000545412652888315
401 0.000384273364554815
296 0.000384273364554815
637 0.000493315214660607
212 0.000384273364554815
90 0.000384273364554815
675 0.0006705456852612606
326 0.0006240383975255397
604 0.0018727916502147657
854 0.03294691496593552
292 0.01835471296551924
415 0.004271073068371387
44 0.021219156999220563
611 0.00038464937093449014
141 0.000384273364554815
766 0.01789416835543374
617 0.00038464937093449014
748 0.0031881077533130954
570 0.00038464937093449014
695 0.002916987970296803
305 0.00038464937093449014
442 0.0014164966177086847
224 0.000384273364554815
387 0.000384273364554815
153 0.008650116365567144
585 0.009132912767719987
517 0.00038464937093449014
74 0.0024427939071149916
509 0.00038464937093449014
253 0.00038464937093449014
230 0.00046651087434527316
365 0.000384273364554815
390 0.0038298141396454037
384 0.000384273364554815
58 0.00038464937093449014
698 0.00038464937093449014
542 0.0033382932407022637
741 0.002011682783752903
565 0.0005478361397135068
497 0.0027909048947917926
196 0.000384273364554815
362 0.000384273364554815
403 0.0005788728133022861
80 0.00038464937093449014
727 0.00038464937093449014
202 0.009562719486531005
863 0.0008749616900309044
117 0.0006575210489704379
261 0.0042092088847792706
188 0.0011268461493634816
601 0.004015569110513611
383 0.0009617601469903799
138 0.0007113989148722077
717 0.000384273364554815
269 0.00038464937093449014
690 0.008244905260113044
745 0.0008664514770380305
259 0.000384273364554815
54 0.014367427663559784
320 0.00038464937093449014
804 0.000384273364554815
76 0.000384273364554815
229 0.000384273364554815
852 0.000384273364554815
435 0.0006880214845166603
163 0.00038464937093449014
31 0.000384273364554815
455 0.0010395413982207575
549 0.0007569833342943922
838 0.0009431638193854212
251 0.0005619092866262865
823 0.000384273364554815
707 0.01563232753822318
17 0.007849065344563184
420 0.000384273364554815
394 0.0006835156130977389
625 0.0007113989148722061
166 0.00038464937093449014
247 0.00038464937093449014
231 0.0036558080366072077
324 0.00038464937093449014
277 0.00038464937093449014
86 0.00038464937093449014
806 0.000384273364554815
78 0.00038464937093449014
647 0.00038464937093449014
303 0.000384273364554815
791 0.00038464937093449014
307 0.00038464937093449014
629 0.0027644357235801225
192 0.0008798531843341227
692 0.00038464937093449014
113 0.00038464937093449014
543 0.00038464937093449014
753 0.000384273364554815
454 0.000384273364554815
165 0.00038464937093449014
266 0.000384273364554815
658 0.000384273364554815
2 0.00043100558602872716
322 0.000384273364554815
505 0.000384273364554815
498 0.00038464937093449014
706 0.000384273364554815
772 0.000384273364554815
343 0.002263835531721855
844 0.00043142737288350897
430 0.002146418822984257
551 0.0010789540530292267
411 0.00038464937093449014
566 0.001126846149363467
130 0.00038464937093449014
825 0.017135872312863988
149 0.00038464937093449014
262 0.000384273364554815
701 0.008315467333782236
194 0.00038464937093449014
848 0.000384273364554815
599 0.000384273364554815
215 0.0007113989148722031
323 0.000384273364554815
325 0.000384273364554815
317 0.002192383940117836
853 0.00038464937093449014
444 0.0345505030726976
30 0.00038464937093449014
796 0.000384273364554815
219 0.0008664514770380236
152 0.00038464937093449014
426 0.000384273364554815
743 0.000384273364554815
4 0.004668333183939384
495 0.000384273364554815
439 0.0036558080366072077
678 0.00038464937093449014
735 0.000384273364554815
290 0.006237015392311117
332 0.00038464937093449014
289 0.00038464937093449014
257 0.00038464937093449014
183 0.000384273364554815
708 0.000384273364554815
358 0.00038464937093449014
129 0.000384273364554815
655 0.00046605475213416125
712 0.000384273364554815
513 0.000384273364554815
598 0.0007013108495371622
814 0.000384273364554815
592 0.000384273364554815
351 0.000384273364554815
182 0.000384273364554815
696 0.00038464937093449014
29 0.00038464937093449014
441 0.00038464937093449014
481 0.00038464937093449014
691 0.00038464937093449014
588 0.00038464937093449014
226 0.000384273364554815
522 0.000384273364554815
699 0.000384273364554815
464 0.000384273364554815
737 0.00038464937093449014
514 0.000384273364554815
40 0.000384273364554815
544 0.000384273364554815
738 0.000384273364554815
687 0.000384273364554815
620 0.00038464937093449014
476 0.00038464937093449014
716 0.000384273364554815
137 0.002751969899017401
241 0.000384273364554815
553 0.0007113989148722075
334 0.000384273364554815
11 0.0005619092866262855
864 0.000384273364554815
413 0.00038464937093449014
424 0.000624038397525539
189 0.0028666325554286467
434 0.00038464937093449014
858 0.000384273364554815
143 0.00038464937093449014
25 0.00038464937093449014
537 0.0006835156130977389
273 0.000384273364554815
127 0.0030794159126605386
693 0.00038464937093449014
400 0.001110293063957292
754 0.000384273364554815
432 0.00038464937093449014
467 0.000384273364554815
842 0.0011078117691764129
338 0.000384273364554815
626 0.0019073980210752943
668 0.000384273364554815
16 0.000384273364554815
376 0.00038464937093449014
308 0.0004665108743452699
98 0.00038464937093449014
822 0.00038464937093449014
316 0.000384273364554815
429 0.000384273364554815
293 0.00038464937093449014
227 0.000384273364554815
56 0.00038464937093449014
318 0.00038464937093449014
845 0.00038464937093449014
286 0.00038464937093449014
859 0.00038464937093449014
155 0.000384273364554815
389 0.0025198299537609716
471 0.00038464937093449014
371 0.000384273364554815
572 0.00038464937093449014
767 0.000384273364554815
676 0.0007120953845776272
836 0.00038464937093449014
321 0.00038464937093449014
672 0.000384273364554815
607 0.000384273364554815
239 0.000384273364554815
110 0.000384273364554815
820 0.000384273364554815
68 0.0009512245673831382
